fx: 267.49513807 
fy: 268.9001345
cx: 133.15545059
cy: 106.41700847
k1: -4.84592926e-01
k2: 3.59880032e-01
p1: 2.84738795e-05
p2: -1.63896025e-03
k3: -2.17338450e-01
