poseA: [1.4605, 0.254, 4.71]
poseB: [1.143, 0.254, 4.71]
poseC: [0.8255, 0.254, 4.71]
poseD: [0.53975, 0.254, 4.71]
poseE_sense: [0.19685, 0.254, 4.71]
poseE_act: [0.19685, 0.254, 3.14]
poseF_sense: [0.3048, 0.22, 4.1]
poseF_act: [0.254, 0.19685, 3.14]
poseG: [0.254, 0.3429, 3.14]
poseH: [0.254, 0.6477, 3.14]
